P 10.621907827 8.3039102829 0 129 0
P 10.5149046333 1.74814565724 1 100 5
P 10.7289110208 14.8596749086 2 100 5
P 13.951590621 15.5021334552 0 88 2
P 7.29222503313 1.10568711064 0 88 2
P 2.20784689006 13.3723254719 0 87 4
P 19.035968764 3.23549509392 0 87 4
P 5.82989493358 0.0 0 90 1
P 15.4139207205 16.6078205658 0 90 1
P 13.1748525863 11.5105553302 0 1 4
P 8.06896306774 5.09726523563 0 1 4
P 21.2438156541 1.35537118791 0 8 2
P 0.0 15.2524493779 0 8 2
P 16.3124829284 1.65602060561 0 8 1
P 4.93133272564 14.9517999602 0 8 1
P 7.99648652458 7.85089597138 0 24 3
P 13.2473291295 8.75692459442 0 24 3
P 19.6568777236 1.68199312925 0 3 2
P 1.58693793049 14.9258274366 0 3 2
P 9.85970995357 10.8740747551 0 76 2
P 11.3841057005 5.73374581071 0 76 2
P 2.06749431482 1.75423614912 0 80 5
P 19.1763213393 14.8535844167 0 80 5
P 11.6571442729 10.4996854494 0 11 5
P 1.57494496882 10.7202287262 1 100 5
P 21.739343577 10.2791421726 3 100 5
P 9.00896374748 16.0534935939 0 2 1
P 14.3053247983 4.94587730493 0 2 1
P 6.03157866549 16.7050678084 2 80 5
P 17.2827098803 4.2943030904 4 80 5
P 3.64564055894 16.076426828 0 12 3
P 19.6686479869 4.92294407085 0 12 3
P 12.8585095886 13.4685314425 0 83 2
P 10.4557789572 7.53083945635 0 83 2
P 2.31283414501 18.7044398538 0 20 2
P 21.0014544008 2.29493104509 0 20 2
P 0.0 16.5393682709 0 75 2
P 23.3142885458 4.46000262794 5 75 2
P 17.8337011374 6.48323019554 0 2 1
P 5.48058740845 14.5161407033 0 2 1
P 9.72989485994 9.14969396021 0 22 3
P 13.5843936859 11.8496769386 0 22 3
P 8.76645868461 11.9687108333 0 41 4
P 14.5478298612 9.03066006552 0 41 4
P 9.09581070258 0.0 0 41 4
P 14.2184778432 20.9993708988 0 41 4
P 9.79038484499 11.9395108855 0 3 4
P 13.1356181899 2.07502997446 6 100 5
P 6.44515150012 21.8039917965 7 100 5
P 0.0 3.30895793406 0 58 1
P 19.58076969 20.5700638369 0 58 1
P 11.9759007413 0.254993593266 0 69 1
P 7.60486894864 23.6240281777 0 69 1
P 4.7522573617 6.99407760814 0 48 1
P 14.8285123283 16.8849441628 0 48 1
P 14.2841027961 12.1642015039 0 82 2
P 5.29666689384 11.714820267 0 82 2
P 18.723335747 9.70913336174 0 6 4
P 0.857433942973 14.1698884092 0 6 4
P 18.5531856352 5.6508148241 0 17 4
P 1.02758405481 18.2282069468 0 17 4
P 3.26063693679 6.36438669833 0 47 2
P 16.3201327532 17.5146350726 0 47 2
P 6.90102467326 0.0 0 49 2
P 12.6797450167 23.8790217709 0 49 2
P 18.7471954024 2.61679943425 0 28 3
P 0.833574287561 21.2622223367 0 28 3
P 5.71885411853 1.53111165644 0 11 3
P 13.8619155714 22.3479101145 0 11 3
P 11.6146522993 11.1935812592 0 33 2
P 0.0 19.2823534249 5 100 5
P 23.2293045987 3.10480909352 0 100 5
P 18.9460037918 21.0937054322 8 60 4
P 4.28330080691 1.2934570862 0 60 4
P 13.665944335 21.0709646243 0 79 3
P 9.56336026367 1.31619789411 0 79 3
P 1.94221489311 22.3871625184 0 5 1
P 21.2870897056 0.0 0 5 1
P 13.8917957931 0.53841650885 0 89 3
P 9.33750880554 21.8487460096 0 89 3
P 5.72176831117 14.4811236884 0 30 4
P 17.5075362875 7.90603883004 0 30 4
P 5.72404838158 4.86025781329 0 48 4
P 17.5052562171 17.5269047051 0 48 4
P 4.00177477547 19.4080551855 0 58 5
P 19.2275298232 2.97910733292 0 58 5
P 22.7780337222 7.39549153023 0 81 2
P 0.451270876469 14.9916709882 0 81 2
P 13.356129649 9.62853043934 0 28 4
P 9.87317494969 12.7586320791 0 28 4
P 11.8294203944 20.5112902937 0 17 1
P 11.3998842043 1.87587222474 0 17 1
P 10.6477392189 11.1334990853 0 95 4
P 17.9360986046 21.4769040729 0 100 5
P 3.35937983321 0.790094097678 0 100 5
P 9.77155043268 13.3962729895 0 3 4
P 11.5239280052 8.87072518103 0 3 4
P 6.44260734102 22.2669981706 0 79 5

