P 10.621907827 8.3039102829 0 129 0
P 10.5149046333 1.74814565724 1 100 5
P 10.7289110208 14.8596749086 2 100 5
P 13.951590621 15.5021334552 0 88 2
P 7.29222503313 1.10568711064 0 88 2
P 2.20784689006 13.3723254719 0 87 4
P 19.035968764 3.23549509392 0 87 4
P 5.82989493358 0.0 0 90 1
P 15.4139207205 16.6078205658 0 90 1
P 13.1748525863 11.5105553302 0 1 4
P 8.06896306774 5.09726523563 0 1 4
P 21.2438156541 1.35537118791 0 8 2
P 0.0 15.2524493779 0 8 2
P 16.3124829284 1.65602060561 0 8 1
P 4.93133272564 14.9517999602 0 8 1
P 7.99648652458 7.85089597138 0 24 3
P 13.2473291295 8.75692459442 0 24 3
P 19.6568777236 1.68199312925 0 3 2
P 1.58693793049 14.9258274366 0 3 2
P 9.85970995357 10.8740747551 0 76 2
P 11.3841057005 5.73374581071 0 76 2
P 2.06749431482 1.75423614912 0 80 5
P 19.1763213393 14.8535844167 0 80 5
P 11.6571442729 10.4996854494 0 11 5
P 1.57494496882 10.7202287262 1 100 5
P 21.739343577 10.2791421726 3 100 5
P 9.00896374748 16.0534935939 0 2 1
P 14.3053247983 4.94587730493 0 2 1
P 6.03157866549 16.7050678084 2 80 5
P 17.2827098803 4.2943030904 4 80 5
P 3.64564055894 16.076426828 0 12 3
P 19.6686479869 4.92294407085 0 12 3
P 12.8585095886 13.4685314425 0 83 2
P 10.4557789572 7.53083945635 0 83 2
P 2.31283414501 18.7044398538 0 20 2
P 21.0014544008 2.29493104509 0 20 2
P 0.0 16.5393682709 0 75 2
P 23.3142885458 4.46000262794 0 75 2
P 17.8337011374 6.48323019554 0 2 1
P 5.48058740845 14.5161407033 0 2 1
P 9.72989485994 9.14969396021 0 22 3
P 13.5843936859 11.8496769386 0 22 3
P 8.76645868461 11.9687108333 0 41 4
P 14.5478298612 9.03066006552 0 41 4
P 9.09581070258 0.0 0 41 4
P 14.2184778432 20.9993708988 0 41 4
